15 12
9 12
64 64 64 64 64 64 64 64 64 64 64 64 64 64 64 64 64 64 64 64 64 64 64 64 64
64  1  1  1  1  1  1  1  1  1  1  1 64  1  1  1  1  1  1  1  1  1  1  1 64
64  1 64 64 64  1 64 64 64 64 64  1 64  1 64 64 64 64 64  1 64 64 64  1 64
64  1 64 64 64  1 64 64 64 64 64  1 64  1 64 64 64 64 64  1 64 64 64  1 64
64  1 64 64 64  1 64 64 64 64 64  1 64  1 64 64 64 64 64  1 64 64 64  1 64
64  1  1  1  1  1  1  1  1  1  1  1  1  1  1  1  1  1  1  1  1  1  1  1 64
64  1 64 64 64  1 64  1 64 64 64 64 64 64 64 64 64  1 64  1 64 64 64  1 64
64  1  1  1  1  1  1  1  1  1  1  1 64  1  1  1  1  1 64  1  1  1  1  1 64
64 64 64 64 64  1 64 64 64 64 64  1 64  1 64 64 64 64 64  1 64 64 64 64 64
64 64 64 64 64  1 64  1  1  1  1  1  1  1  1  1  1  1 64  1 64 64 64 64 64
64 64 64 64 64  1 64  1 64 64 64 64 64 64 64 64 64  1 64  1 64 64 64 64 64
64 64 64 64 64  1 64  1 64 64 64 64 64 64 64 64 64  1 64  1 64 64 64 64 64
 1  1  1  1  1  1  1  1 64 64 64 64 64 64 64 64 64  1  1  1  1  1  1  1  1
64 64 64 64 64  1 64  1 64 64 64 64 64 64 64 64 64  1 64  1 64 64 64 64 64
64 64 64 64 64  1 64  1 64 64 64 64 64 64 64 64 64  1 64  1 64 64 64 64 64
64 64 64 64 64  1 64  1  1  1  1  1  0  1  1  1  1  1 64  1 64 64 64 64 64
64 64 64 64 64  1 64  1 64 64 64 64 64 64 64 64 64  1 64  1 64 64 64 64 64
64  1  1  1  1  1  1  1  1  1  1  1 64  1  1  1  1  1  1  1  1  1  1  1 64
64  1 64 64 64  1 64 64 64 64 64  1 64  1 64 64 64 64 64  1 64 64 64  1 64
64  1  1  1 64  1  1  1  1  1  1  1  1  1  1  1  1  1  1  1 64  1  1  1 64
64 64 64  1 64  1 64  1 64 64 64 64 64 64 64 64 64  1 64  1 64  1 64 64 64
64  1  1  1  1  1 64  1  1  1  1 64 64 64  1  1  1  1 64  1  1  1  1  1 64
64  1 64 64 64 64 64 64 64 64  1 64 64 64  1 64 64 64 64 64 64 64 64  1 64
64  1  1  1  1  1  1  1  1  1  1  1  1  1  1  1  1  1  1  1  1  1  1  1 64
64 64 64 64 64 64 64 64 64 64 64 64 64 64 64 64 64 64 64 64 64 64 64 64 64